1.0,	1.0,	1.0,	1.0,	1.0,	1.0
 0.12830865859129656,	 0.3292007969891521,	 0.7198896720809072,	0.5772652388797364,	 0.23806129722024233,	1
 0.09196949304620906,	 0.23621872924507417,	 0.6040453570334049,	0.471169686985173,	 0.16844856260394392,	1
 0.07596829669508001,	 0.19127739650210315,	 0.5220655838185718,	0.414497528830313,	 0.1356616773580423,	0.997810219
 0.06385524151338418,	 0.1629400044277175,	 0.46276432730615996,	0.36886326194398683,	 0.1153480636730815,	0.997810219
 0.05563032750112158,	 0.14235111799867167,	 0.4167943610174686,	0.3362438220757825,	 0.10144927536231885,	0.996350365
 0.05009720352923583,	 0.1259685632056675,	 0.37618755746245786,	0.3095551894563427,	 0.08945117605131861,	0.995620438
 0.046059518468670554,	 0.11512065530219172,	 0.34171008274593934,	0.285667215815486,	 0.08042290330244714,	0.994160584
 0.04127411395244504,	 0.10316581802081028,	 0.3150475022984983,	0.2654036243822076,	 0.07258256117842718,	0.991970803
 0.038582323912068194,	 0.09497454062430817,	 0.2886913882929819,	0.24859967051070841,	 0.06806842480399145,	0.990510949
 0.03633916554508748,	 0.08567633384990038,	 0.26570640514863625,	0.23047775947281712,	 0.06331670230458541,	0.986861314
 0.03215193659339016,	 0.07726367057781713,	 0.2413423230156298,	0.21120263591433278,	 0.05844618674269423,	0.982481752
 0.029609690444145357,	 0.07150763781270755,	 0.22034937174379404,	0.19802306425041186,	 0.052981705868377284,	0.97810219
 0.0272169881860326,	 0.06575160504759796,	 0.20272755133312903,	0.1815485996705107,	 0.04953670705630791,	0.971532847
 0.02452519814565575,	 0.05866725702900155,	 0.18357339871284095,	0.1686985172981878,	 0.04502257068187218,	0.962043796
 0.0218334081052789,	 0.05180429488598627,	 0.16687097762794975,	0.15799011532125207,	 0.03967688287004039,	0.947445255
 0.01854344250037386,	 0.04604826212087669,	 0.1555317192767392,	0.14069192751235585,	 0.033024471370871944,	0.940875912
 0.0136084940930163,	 0.03320788133717069,	 0.138829298191848,	0.12718286655683692,	 0.02565930149679259,	0.924087591
 0.011963511290563781,	 0.03077263670577817,	 0.1254980079681275,	0.11416803953871499,	 0.022451888809693513,	0.908759124
 0.011365335726035592,	 0.02767323444764224,	 0.1126264174072939,	0.1042833607907743,	 0.020313613684960798,	0.894160584
 0.010468072379243309,	 0.025459375691830863,	 0.1025130248237818,	0.09769357495881384,	 0.018294131622713233,	0.883941606
 0.010019440705847166,	 0.02346690281160062,	 0.09102053325160894,	0.08896210873146623,	 0.01639344262295082,	0.875182482
 0.009421265141318977,	 0.021695815806951516,	 0.08197977321483298,	0.08056013179571664,	 0.014492753623188406,	0.858394161
 0.008972633467922835,	 0.019703342926721275,	 0.07462457860864236,	0.07446457990115321,	 0.0135424091233072,	0.847445255
 0.008374457903394646,	 0.018596413548815586,	 0.06665645111860251,	0.06836902800658978,	 0.012592064623425991,	0.835766423
 0.007776282338866457,	 0.017710870046491033,	 0.06083358872203494,	0.06408566721581549,	 0.01235447849845569,	0.82189781
 0.00762673844773441,	 0.01593978304184193,	 0.05562365920931658,	0.059637561779242176,	 0.011879306248515086,	0.80729927
 0.007178106774338268,	 0.013504538410449414,	 0.050873429359485134,	0.05634266886326195,	 0.011285340936089332,	0.791970803
 0.007178106774338268,	 0.012176223156962585,	 0.04780876494023904,	0.05304777594728172,	 0.010453789498693276,	0.775182482
 0.0068790189920741734,	 0.01173345140580031,	 0.04443763407906834,	0.05024711696869852,	 0.009859824186267522,	0.762043796
 0.006430387318678032,	 0.011069293779056896,	 0.04060680355501073,	0.04794069192751236,	 0.00950344499881207,	0.751824818
 0.005832211754149843,	 0.009298206774407793,	 0.03708243947287772,	0.04546952224052718,	 0.008909479686386316,	0.732846715
 0.005682667863017796,	 0.008634049147664379,	 0.03340484216978241,	0.042009884678747944,	 0.008671893561416013,	0.716058394
 0.005084492298489607,	 0.008191277396502104,	 0.030953110634385536,	0.0400329489291598,	 0.007483962936564505,	0.699270073
 0.004635860625093465,	 0.00752711976975869,	 0.028654612319950964,	0.037232289950576605,	 0.007127583749109052,	0.686131387
 0.004187228951697323,	 0.006641576267434138,	 0.02742874655225253,	0.034925864909390446,	 0.006296032311712996,	0.661313869
 0.0037385972783011813,	 0.00531326101394731,	 0.02482378179589335,	0.030807248764415155,	 0.0060584461867426945,	0.637226277
 0.0031404217137729925,	 0.00420633163604162,	 0.022372050260496476,	0.029324546952224053,	 0.005939653124257543,	0.608029197
 0.0029908778226409452,	 0.003984945760460483,	 0.020380018387986514,	0.027182866556836903,	 0.005702066999287242,	0.584671533
 0.0029908778226409452,	 0.003763559884879345,	 0.017162120747778117,	0.025205930807248766,	 0.004870515561891185,	0.561313869
 0.0025422461492448033,	 0.003099402258135931,	 0.01455715599141894,	0.023558484349258647,	 0.004632929436920884,	0.530656934
 0.002392702258112756,	 0.002656630506973655,	 0.012105424456022066,	0.021087314662273475,	 0.004514136374435733,	0.495620438
 0.0022431583669807087,	 0.0024352446313925173,	 0.010879558688323628,	0.018616144975288303,	 0.003801377999524828,	0.462773723
 0.001794526693584567,	 0.002213858755811379,	 0.009500459699662888,	0.015980230642504117,	 0.003326205749584224,	0.430656934
 0.0013458950201884253,	 0.0015497011290679654,	 0.007355194606190622,	0.01400329489291598,	 0.002851033499643621,	0.389781022
 0.0010468072379243307,	 0.0011069293779056896,	 0.006129328838492185,	0.011532125205930808,	 0.0024946543121881683,	0.335036496
 0.00044863167339614175,	 0.0006641576267434137,	 0.00398406374501992,	0.008896210873146623,	 0.001781895937277263,	0.274452555
 0.00014954389113204725,	 0.0006641576267434137,	 0.002451731535396874,	0.005271828665568369,	 0.000950344499881207,	0.199270073
 0.00014954389113204725,	 0.0,	 0.0006129328838492185,	0.002800658978583196,	 0.0005939653124257543,	0.096350365
 0.0]	 0.0]	 0.0]	0.0]	 0.0]	0