0.04471428571428571,	0.0966,	0.31305263157894736,	0.36105263157894735,	0.11389473684210526,	0.285416667
 0.2486865148861646,	 0.239386189258312,	 0.3876433785192909,	0.4946639746178252,	 0.3506156837329877,	0.35807632
 0.3089887640449438,	 0.29894875164257556,	 0.429852473242696,	0.5452377166481157,	 0.4328,	0.393791319
 0.3478818998716303,	 0.33995416348357527,	 0.4657362396111024,	0.5767160161507402,	 0.48627980206927574,	0.41740458
 0.38205499276411,	 0.3730834752981261,	 0.49574219402237435,	0.6046963276836158,	 0.5265724037055095,	0.440257649
 0.41139240506329117,	 0.3968105065666041,	 0.5216320787900105,	0.6264641288433382,	 0.5581996896016554,	0.459286676
 0.43316412859560066,	 0.4211597151576806,	 0.5467971201772198,	0.6454047933572372,	 0.5887493173129438,	0.477591036
 0.4490161001788909,	 0.44086021505376344,	 0.5699961434631701,	0.6634316770186336,	 0.6142450142450142,	0.495813615
 0.47024952015355087,	 0.4631336405529954,	 0.589620758483034,	0.6793391719745223,	 0.6380331753554502,	0.51594533
 0.4819277108433735,	 0.4787363304981774,	 0.6099378881987577,	0.6927306047648136,	 0.6527272727272727,	0.535094637
 0.49269311064718163,	 0.5006451612903225,	 0.6286937901498929,	0.7083593912862206,	 0.668944099378882,	0.553191489
 0.5135746606334841,	 0.5192837465564738,	 0.6503884572697003,	0.725716730851519,	 0.6862244897959183,	0.57374254
 0.5274463007159904,	 0.5339105339105339,	 0.6699563920128528,	0.7378979502834714,	 0.7069645203679369,	0.590048437
 0.542713567839196,	 0.5451761102603369,	 0.6869380028395646,	0.7539079946404645,	 0.7205093833780161,	0.608874657
 0.5638297872340425,	 0.5655737704918032,	 0.7063005638636921,	0.7665830863916115,	 0.7388008270158511,	0.627021884
 0.5852272727272727,	 0.5909090909090909,	 0.724373576309795,	0.7775458130364185,	 0.7617689015691869,	0.643849206
 0.6184615384615385,	 0.6090225563909775,	 0.7370466321243523,	0.7962786259541985,	 0.7919161676646707,	0.664090675
 0.6702898550724637,	 0.6674057649667405,	 0.7565824825362708,	0.8109233406808719,	 0.8282988871224165,	0.688792165
 0.6923076923076923,	 0.675990675990676,	 0.7725,	0.8258793969849246,	 0.8448275862068966,	0.708191126
 0.6947791164658634,	 0.691358024691358,	 0.7892170920562088,	0.8371913580246914,	 0.8570234113712375,	0.726571767
 0.7033898305084746,	 0.7005208333333334,	 0.8025383707201889,	0.8445609436435124,	 0.8678111587982833,	0.745689655
 0.7022222222222222,	 0.7119565217391305,	 0.8185705558949298,	0.8552278820375335,	 0.8788410886742757,	0.762237762
 0.7096774193548387,	 0.7254901960784313,	 0.8320778405524168,	0.8660640920295809,	 0.8904847396768402,	0.77216021
 0.7142857142857143,	 0.7412790697674418,	 0.842801807617818,	0.8738135120044668,	 0.8959854014598541,	0.788187373
 0.7241379310344828,	 0.75,	 0.855,	0.881900967558338,	 0.9019426456984274,	0.802382621
 0.7319587628865979,	 0.7523219814241486,	 0.8639945186707777,	0.8876372039283651,	 0.9030754892823858,	0.815942029
 0.7329842931937173,	 0.7662337662337663,	 0.8724973656480506,	0.8937481655415321,	 0.9061913696060038,	0.823529412
 0.7419354838709677,	 0.793918918918919,	 0.8806184825602301,	0.8984560570071259,	 0.9100378787878788,	0.828877005
 0.7377049180327869,	 0.8063380281690141,	 0.8856724074752657,	0.9026896343306134,	 0.9156279961649089,	0.838862559
 0.7430167597765364,	 0.8072727272727273,	 0.8911819887429644,	0.9066421793694521,	 0.9197292069632496,	0.848780488
 0.7542857142857143,	 0.8127340823970037,	 0.8979984603541186,	0.9098792195726231,	 0.9221032132424537,	0.861924686
 0.7636363636363637,	 0.832,	 0.904874213836478,	0.9130982367758187,	 0.9258893280632411,	0.867761452
 0.7654320987654321,	 0.8401639344262295,	 0.9122383252818036,	0.9183215887251762,	 0.9272183449651047,	0.879032258
 0.7806451612903226,	 0.8438818565400844,	 0.9166666666666666,	0.9210269743256418,	 0.9361702127659575,	0.883763838
 0.7891156462585034,	 0.8508771929824561,	 0.9204255319148936,	0.9251407750910897,	 0.9386503067484663,	0.891840607
 0.8014184397163121,	 0.863013698630137,	 0.9216972878390202,	0.9286915573494786,	 0.9449064449064449,	0.904191617
 0.8134328358208955,	 0.8857142857142857,	 0.926729986431479,	0.9357609069048437,	 0.9464847848898216,	0.907484407
 0.8359375,	 0.9045226130653267,	 0.9319029850746269,	0.9379574764726385,	 0.9470899470899471,	0.917400881
 0.8387096774193549,	 0.9090909090909091,	 0.9359961501443695,	0.9414478353442157,	 0.948936170212766,	0.927083333
 0.8360655737704918,	 0.9114583333333334,	 0.9440279860069966,	0.9444040697674418,	 0.9558665231431647,	0.937804878
 0.8468468468468469,	 0.9239130434782609,	 0.9502357255107386,	0.9468203793231684,	 0.9574700109051254,	0.940491591
 0.8476190476190476,	 0.9314285714285714,	 0.9568069983597595,	0.9512752188808526,	 0.9579180509413068,	0.947001395
 0.85,	 0.9333333333333333,	 0.9592188397472717,	0.955859375,	 0.9638418079096045,	0.949101796
 0.8723404255319149,	 0.9363057324840764,	 0.962079510703364,	0.9608397254743641,	 0.967479674796748,	0.954692557
 0.898876404494382,	 0.9536423841059603,	 0.9685245901639344,	0.9643605870020965,	 0.9713261648745519,	0.958707361
 0.9176470588235294,	 0.9647887323943662,	 0.9717314487632509,	0.9693117053923718,	 0.9741379310344828,	0.966315789
 0.9625,	 0.9774436090225563,	 0.9792332268370607,	0.9746954076850984,	 0.9809160305343512,	0.974093264
 0.9857142857142858,	 0.9754098360655737,	 0.9844961240310077,	0.9832109129066107,	 0.9891304347826086,	0.978494624
 0.9830508474576272,	 1.0,	 0.9946666666666667,	0.9893014474512272,	 0.9923896499238964,	0.992481203
 1.0]	 1.0]	 1.0]	1.0]	 1.0]	1