1.0,	1.0,	1.0,	1.0,	1.0,	1.0
 0.9073482428115016,	 0.968944099378882,	 1.0,	1.0,	 1.0,	0.716034985
 0.8785942492012779,	 0.9420289855072463,	 0.9993275050437121,	0.9997084548104956,	 1.0,	0.614868805
 0.865814696485623,	 0.9213250517598344,	 0.9986550100874243,	0.9994169096209913,	 0.9990757855822551,	0.556268222
 0.8434504792332268,	 0.906832298136646,	 0.9983187626092804,	0.9985422740524781,	 0.9981515711645101,	0.506705539
 0.8306709265175719,	 0.8757763975155279,	 0.9973100201748487,	0.9979591836734694,	 0.9972273567467652,	0.46851312
 0.8178913738019169,	 0.8571428571428571,	 0.995965030262273,	0.9970845481049563,	 0.9963031423290203,	0.434985423
 0.8019169329073482,	 0.8488612836438924,	 0.9939475453934096,	0.9965014577259476,	 0.9963031423290203,	0.403790087
 0.7827476038338658,	 0.8322981366459627,	 0.9932750504371217,	0.9950437317784256,	 0.9953789279112755,	0.371720117
 0.7667731629392971,	 0.8157349896480331,	 0.9905850706119704,	0.9918367346938776,	 0.9953789279112755,	0.343731778
 0.7539936102236422,	 0.8033126293995859,	 0.9872225958305313,	0.99067055393586,	 0.9953789279112755,	0.318367347
 0.7252396166134185,	 0.7805383022774327,	 0.9852051109616677,	0.9889212827988338,	 0.9944547134935305,	0.29154519
 0.7060702875399361,	 0.7660455486542443,	 0.9815063887020847,	0.9865889212827988,	 0.9944547134935305,	0.271428571
 0.6900958466453674,	 0.7370600414078675,	 0.9761264290517822,	0.9842565597667638,	 0.9935304990757856,	0.249271137
 0.6773162939297125,	 0.7142857142857143,	 0.968728984532616,	0.980466472303207,	 0.9907578558225508,	0.228571429
 0.65814696485623,	 0.6997929606625258,	 0.9623402824478816,	0.9772594752186589,	 0.9870609981515711,	0.209329446
 0.6421725239616614,	 0.6708074534161491,	 0.956624075319435,	0.9731778425655977,	 0.977818853974122,	0.190087464
 0.5910543130990416,	 0.6231884057971014,	 0.9468728984532616,	0.9653061224489796,	 0.9630314232902033,	0.166763848
 0.5750798722044729,	 0.6004140786749482,	 0.9351042367182246,	0.9583090379008746,	 0.9510166358595195,	0.149562682
 0.5527156549520766,	 0.5797101449275363,	 0.9253530598520511,	0.9489795918367347,	 0.9473197781885397,	0.134402332
 0.5303514376996805,	 0.556935817805383,	 0.9142568930733019,	0.9393586005830904,	 0.9343807763401109,	0.120408163
 0.5047923322683706,	 0.5424430641821946,	 0.9011432414256894,	0.9300291545189504,	 0.9251386321626618,	0.109037901
 0.49201277955271566,	 0.5362318840579711,	 0.8913920645595158,	0.921865889212828,	 0.9168207024029574,	0.101166181
 0.4792332268370607,	 0.5279503105590062,	 0.8779421654337592,	0.9125364431486881,	 0.9075785582255084,	0.090962099
 0.4696485623003195,	 0.5217391304347826,	 0.8624747814391392,	0.9034985422740525,	 0.9011090573012939,	0.082215743
 0.4536741214057508,	 0.5031055900621118,	 0.8480161398789509,	0.8959183673469387,	 0.8955637707948244,	0.074052478
 0.4472843450479233,	 0.4886128364389234,	 0.8352387357094821,	0.8877551020408163,	 0.8927911275415896,	0.06909621
 0.44089456869009586,	 0.4865424430641822,	 0.8234700739744452,	0.8822157434402332,	 0.8881700554528651,	0.065306122
 0.43130990415335463,	 0.474120082815735,	 0.8127101546738399,	0.8708454810495627,	 0.8826247689463955,	0.059475219
 0.4249201277955272,	 0.45962732919254656,	 0.7985877605917956,	0.8635568513119534,	 0.8789279112754159,	0.054227405
 0.4217252396166134,	 0.4492753623188406,	 0.7844653665097512,	0.8565597667638484,	 0.8752310536044362,	0.048104956
 0.402555910543131,	 0.4306418219461698,	 0.7740416946872899,	0.8454810495626822,	 0.865988909426987,	0.044606414
 0.3961661341853035,	 0.4244306418219462,	 0.7619367854741089,	0.8358600583090379,	 0.8595194085027726,	0.039358601
 0.3865814696485623,	 0.4140786749482402,	 0.7471418964357768,	0.8262390670553936,	 0.8539741219963032,	0.036734694
 0.3706070287539936,	 0.40165631469979296,	 0.7273032952252858,	0.8142857142857143,	 0.8484288354898336,	0.033236152
 0.3610223642172524,	 0.391304347826087,	 0.7084734364492267,	0.8049562682215743,	 0.8401109057301294,	0.027988338
 0.34824281150159747,	 0.38509316770186336,	 0.6889710827168796,	0.7941690962099125,	 0.833641404805915,	0.025947522
 0.34185303514376997,	 0.37267080745341613,	 0.67182246133154,	0.7845481049562683,	 0.8271719038817006,	0.021865889
 0.33226837060702874,	 0.37267080745341613,	 0.6540013449899126,	0.773469387755102,	 0.8243992606284658,	0.018367347
 0.3258785942492013,	 0.36231884057971014,	 0.6351714862138534,	0.7577259475218658,	 0.8207024029574861,	0.014868805
 0.3003194888178914,	 0.35196687370600416,	 0.6099529253530599,	0.7422740524781342,	 0.8114602587800369,	0.013411079
 0.28434504792332266,	 0.33747412008281574,	 0.5884330867518494,	0.7285714285714285,	 0.7994454713493531,	0.011078717
 0.2715654952076677,	 0.3188405797101449,	 0.5615332885003362,	0.7134110787172012,	 0.788354898336414,	0.009912536
 0.26198083067092653,	 0.30434782608695654,	 0.5289172831203766,	0.6938775510204082,	 0.7698706099815157,	0.008163265
 0.25559105431309903,	 0.2981366459627329,	 0.49663752521856086,	0.6705539358600583,	 0.7513863216266173,	0.006705539
 0.24920127795527156,	 0.2836438923395445,	 0.46234028244788167,	0.6446064139941691,	 0.7310536044362292,	0.004664723
 0.24600638977635783,	 0.2691511387163561,	 0.41223940820443844,	0.6064139941690962,	 0.7125693160813309,	0.002915452
 0.22044728434504793,	 0.2463768115942029,	 0.34162743779421656,	0.5463556851311954,	 0.6728280961182994,	0.001749271
 0.1853035143769968,	 0.18219461697722567,	 0.2508406186953598,	0.4583090379008746,	 0.6025878003696857,	0.000291545
 0.0]	 0.0]	 0.0]	0.0]	 0.0]	0